start=117.100000
volume=106.000000
sid=no
