start=381.481000
volume=130.000000
