start=3446.334000
volume=126.000000
sid=no
