start=29.029000
volume=112.000000
