start=8809.268000
pause=yes
volume=126.000000
sid=1
