start=271.563000
volume=130.000000
