start=488.700000
volume=108.000000
sid=no
