start=279.154000
sid=1
sub-scale=0.700000
