start=190.320000
volume=130.000000
sid=1
