start=4382.278000
pause=yes
volume=110.000000
