start=568.568000
volume=114.000000
