start=3.520000
volume=130.000000
mute=yes
contrast=-1.000000
