start=743.309977
volume=130.000000
sid=no
