start=12.470000
volume=118.000000
