start=93.633000
volume=116.000000
