start=159.893000
volume=130.000000
sid=no
