start=183.058000
pause=yes
volume=108.000000
sid=1
