start=291.542000
volume=128.000000
