start=401.500000
volume=122.000000
