start=16.140979
pause=yes
sub-delay=0.100000
ab-loop-a=16.140979
