start=13.347000
volume=116.000000
