start=37.904000
sid=1
sub-scale=0.700000
