start=395.700000
volume=128.000000
