start=16.141000
volume=130.000000
