start=127.002000
volume=130.000000
